Failed inputs (over 700):
Error inputs:
51 74 78 18 36 27 72 95 21 3 24 8 82 12 38 61 14 37 22 69 26 40 1 84 71 16 20 42 91 33 2 5 6 77 39 46 54 80 45 68 97 48 59 93 9 65 4 96 89 60 32 56 99 17 87 29 79 64 23 85 49 83 86 34 67 41 66 50 70 43 7 35 0 98 76 15 25 81 75 94 55 47 88 57 13 73 31 52 11 63 28 53 58 90 92 30 62 10 19 44
30 36 90 35 20 27 17 16 81 87 50 44 55 97 7 70 99 28 74 25 84 37 22 61 69 34 57 19 65 72 51 10 46 67 89 56 62 92 73 75 86 93 76 59 11 77 5 14 79 3 15 98 95 49 29 18 64 48 0 53 26 2 60 63 12 78 43 52 85 23 83 41 47 96 45 94 21 1 6 42 91 40 13 31 58 71 66 9 32 54 39 24 82 80 38 88 68 8 4 33
11 32 13 67 39 96 89 78 33 83 82 54 40 38 37 4 66 79 20 70 71 3 0 14 64 61 74 46 53 50 62 31 77 7 18 1 57 55 72 10 97 34 56 8 68 84 85 63 51 86 75 98 28 93 65 58 17 22 45 25 73 5 95 41 27 49 2 92 52 19 88 76 26 24 21 48 91 94 43 60 42 16 29 81 6 69 35 23 15 80 87 59 44 99 12 90 47 9 36 30
35 61 9 89 67 87 81 41 57 64 29 14 75 58 50 13 15 45 51 20 31 25 77 19 84 22 4 55 1 2 97 98 76 32 93 56 28 69 38 12 49 5 39 63 59 6 96 83 71 74 92 11 18 54 99 42 80 47 0 82 7 16 66 37 26 44 78 3 85 36 91 43 65 73 21 23 72 52 90 86 70 48 34 79 24 53 68 17 33 95 46 60 62 88 94 8 30 40 27 10
45 31 16 25 59 72 44 17 14 80 39 1 73 87 88 10 71 96 57 23 63 64 68 11 0 3 48 13 62 32 43 82 83 90 91 66 28 6 52 81 51 61 37 7 92 33 29 67 56 53 12 35 60 4 94 58 69 95 34 9 47 49 86 19 93 20 36 41 79 42 65 38 85 89 55 76 24 97 21 70 15 27 46 2 54 30 98 40 26 78 99 5 77 75 84 18 74 50 22 8
21 67 14 94 11 91 89 82 37 81 75 57 48 30 31 49 44 19 18 3 39 9 60 58 96 95 45 1 17 64 38 8 73 85 22 36 54 4 74 15 26 63 50 80 40 97 13 56 29 90 51 23 87 70 52 68 84 16 66 83 72 28 33 5 32 20 93 59 27 6 99 98 65 62 55 92 78 76 0 43 71 25 69 35 12 53 2 47 86 46 77 10 41 61 79 88 42 24 7 34
68 65 59 0 51 6 2 82 9 72 36 69 70 50 12 98 7 91 80 83 61 84 40 33 47 89 53 95 73 81 32 37 46 97 45 27 67 78 23 92 66 30 52 62 87 79 13 54 42 31 44 14 71 17 24 41 21 22 4 1 10 34 90 11 8 88 43 77 96 56 64 28 20 25 5 38 48 94 49 76 16 57 19 74 3 55 15 85 75 39 58 93 86 99 60 63 29 26 18 35
51 56 41 82 86 39 28 47 60 35 93 25 6 54 55 88 9 61 29 14 63 59 24 96 44 18 40 77 20 45 97 89 73 23 19 72 71 78 37 68 8 22 94 83 85 48 12 95 1 46 30 42 84 53 91 76 34 80 21 90 17 64 66 52 33 38 62 27 32 26 50 57 31 7 99 43 70 87 16 2 36 69 0 49 92 65 11 98 75 3 5 81 67 79 74 58 13 4 15 10
78 68 11 28 60 69 64 12 18 36 43 5 66 0 52 75 82 79 39 22 90 15 92 97 88 34 55 27 74 9 86 10 83 93 13 99 23 26 94 81 84 37 19 77 72 45 21 2 56 57 32 3 61 96 73 8 87 89 53 48 59 41 44 1 47 31 20 50 71 29 46 58 33 16 7 70 40 91 76 6 24 98 38 49 30 42 85 25 63 14 51 67 65 95 80 62 54 4 35 17
93 24 1 94 55 66 37 88 0 17 42 2 99 78 82 89 53 26 71 10 90 35 32 60 3 22 45 51 61 50 81 64 14 38 92 63 79 54 36 15 6 49 40 65 29 9 69 34 8 47 86 67 30 85 57 44 74 31 48 91 84 56 5 72 98 43 75 97 16 59 27 58 80 73 52 39 28 12 46 19 95 13 21 18 83 23 20 68 11 62 87 7 77 76 96 70 41 25 4 33
80 39 60 50 85 78 92 75 37 66 90 62 81 53 70 22 98 9 91 26 65 67 95 14 5 31 10 2 43 27 58 40 36 72 23 30 7 12 42 20 74 89 84 56 17 21 45 73 44 15 87 99 96 69 57 61 41 29 51 49 3 71 34 35 46 63 48 32 4 64 11 6 59 93 16 28 97 0 94 13 24 38 33 52 76 8 68 88 79 1 83 77 54 55 86 82 25 19 47 18
60 76 80 87 4 72 85 52 46 79 7 6 43 21 28 36 53 86 13 48 71 65 2 50 93 78 10 58 91 22 88 20 64 44 82 49 24 41 25 5 66 9 62 38 35 98 61 40 30 96 73 57 92 32 23 34 18 68 8 12 84 83 11 47 55 81 56 15 3 95 19 97 54 69 1 26 59 0 51 27 75 14 99 77 33 70 90 63 42 89 45 17 29 74 67 94 31 39 37 16
53 73 75 97 57 1 55 44 41 58 37 77 79 63 18 5 25 34 43 56 12 65 13 40 88 82 17 3 0 78 32 94 33 2 15 9 60 10 39 69 62 4 54 11 71 47 89 92 98 87 59 23 64 21 91 85 95 76 51 20 49 50 81 67 30 86 61 66 28 68 93 84 6 45 35 29 90 38 74 52 14 72 99 48 83 24 46 70 7 42 19 80 96 31 36 22 27 8 26 16
